W1 , W2 ,  W3 , W4 , W5 , O , Err
Iteration 1 :
0.02 , -0.02 , 0.02 , -0.02 , 0.02 , -1 , 2
0.04 , 0 , 0.04 , 0 , 0.04 , -1 , 2
0.04 , 0 , 0.04 , 0 , 0.04 , -1 , 0
0.04 , 0 , 0.04 , 0 , 0.04 , -1 , 0
Iteration 2 :
0.04 , 0 , 0.04 , 0 , 0.04 , 1 , 0
0.04 , 0 , 0.04 , 0 , 0.04 , 1 , 0
0.02 , -0.02 , 0.02 , 0.02 , 0.02 , 1 , -2
0 , 0 , 0.04 , 0 , 0 , 1 , -2
Iteration 3 :
0 , 0 , 0.04 , 0 , 0 , 1 , 0
0 , 0 , 0.04 , 0 , 0 , 1 , 0
-0.02 , -0.02 , 0.02 , 0.02 , -0.02 , 1 , -2
-0.02 , -0.02 , 0.02 , 0.02 , -0.02 , -1 , 0
Iteration 4 :
0 , -0.04 , 0.04 , 0 , 0 , -1 , 2
0.02 , -0.02 , 0.06 , 0.02 , 0.02 , -1 , 2
0.02 , -0.02 , 0.06 , 0.02 , 0.02 , -1 , 0
0.02 , -0.02 , 0.06 , 0.02 , 0.02 , -1 , 0
Iteration 5 :
0.02 , -0.02 , 0.06 , 0.02 , 0.02 , 1 , 0
0.02 , -0.02 , 0.06 , 0.02 , 0.02 , 1 , 0
0 , -0.04 , 0.04 , 0.04 , 0 , 1 , -2
-0.02 , -0.02 , 0.06 , 0.02 , -0.02 , 1 , -2
Iteration 6 :
-0.02 , -0.02 , 0.06 , 0.02 , -0.02 , 1 , 0
-0.02 , -0.02 , 0.06 , 0.02 , -0.02 , 1 , 0
-0.02 , -0.02 , 0.06 , 0.02 , -0.02 , -1 , 0
-0.02 , -0.02 , 0.06 , 0.02 , -0.02 , -1 , 0
